,year,temp,value
0,1972,21.78,330.39
1,1973,21.44,330.77
2,1974,21.78,333.05
3,1976,20.61,332.36
4,1977,20.83,335.15
5,1978,21.0,336.7
6,1979,21.11,338.71
7,1980,21.17,340.58
8,1981,20.78,342.6
9,1982,22.06,341.68
10,1983,20.78,343.81
11,1984,21.17,345.56
12,1985,21.61,346.96
13,1986,22.06,348.32
14,1987,21.22,350.64
15,1988,21.0,352.9
16,1989,21.67,354.62
17,1990,22.56,356.25
18,1991,22.17,356.83
19,1992,21.33,357.72
20,1993,21.39,358.83
21,1994,22.06,359.61
22,1995,21.61,362.52
23,1996,21.06,363.41
24,1997,21.78,365.04
25,1998,22.5,368.02
26,1999,21.78,369.57
27,2000,21.44,371.38
28,2001,21.61,373.09
29,2002,21.89,374.53
30,2003,21.67,377.74
31,2004,21.56,379.0
32,2005,21.5,381.33
33,2006,21.78,382.1
34,2007,22.0,384.85
35,2008,21.44,387.35
36,2009,21.72,388.71
37,2010,20.61,390.94
38,2011,22.06,393.28
39,2012,22.11,394.87
40,2013,22.0,397.74
41,2014,21.5,399.36
42,2015,23.06,401.84
43,2016,22.5,405.87
44,2017,22.61,407.34
45,2018,22.39,410.34
46,2019,22.89,412.46
47,2020,22.89,415.14
48,2021,22.33,418.09
49,2022,22.5,419.79
50,2023,22.89,421.96
